../../../../../.git/annex/objects/97/VP/SHA256E-s1519930--7ceb07d42b640f0ff42582358eb7c5d8c1b7f1b1897ea641da73853ba81fd373.csv/SHA256E-s1519930--7ceb07d42b640f0ff42582358eb7c5d8c1b7f1b1897ea641da73853ba81fd373.csv