../../../../../.git/annex/objects/6w/3v/SHA256E-s2064--fb0079d5115e1cb46b66587d32aaa925948fe174f6c80a0e7981946dcf5f6ddf.csv/SHA256E-s2064--fb0079d5115e1cb46b66587d32aaa925948fe174f6c80a0e7981946dcf5f6ddf.csv