../../../../../.git/annex/objects/jV/02/SHA256E-s7733046--94dfc715ac85ce0aad109b0ee42e1048bdad6e17b29a189e305e818f6b139be0.csv/SHA256E-s7733046--94dfc715ac85ce0aad109b0ee42e1048bdad6e17b29a189e305e818f6b139be0.csv