../../../../../.git/annex/objects/Gf/FZ/SHA256E-s652--6a7a761892f9eca2fffc9dc0f3dc40768ce61ed107cc0c7875830952a1620a1b.csv/SHA256E-s652--6a7a761892f9eca2fffc9dc0f3dc40768ce61ed107cc0c7875830952a1620a1b.csv