../../../../../.git/annex/objects/MP/7z/SHA256E-s650--b01c8ac2ffde5711b4691b309c0ae0d60b9b02d2bf9018671a4d89c41a5d801f.csv/SHA256E-s650--b01c8ac2ffde5711b4691b309c0ae0d60b9b02d2bf9018671a4d89c41a5d801f.csv